-460.719 -24.781 11.3861 -16.0886 12.3266 -7.76541 -4.90314 -0.695643 -3.85869 0.163852 4.64423 -1.07038 0.42278 -0.0333803 0.839836 -0.646879 0.249228 -1.19475 -1.38355 -0.858526 -0.588853 -0.0830214 -2.35646 -2.36596 0.525407 0.921803 
-468.338 -32.5022 8.95369 -17.0131 12.3461 -3.51422 1.74739 2.1072 -0.344333 0.0725106 -0.0723027 0.0301965 3.01444 2.83667 4.16567 2.72539 0.843691 0.247973 -0.670043 -1.81616 0.114193 -0.272261 -0.358363 3.48128 2.54914 0.807751 
-453.647 -30.0772 6.33993 -14.5357 2.37269 -5.65359 0.693209 3.51472 0.0503151 0.949303 2.33713 0.179741 1.34846 -3.44929 -0.0190009 1.52961 -0.882 -0.76226 1.50207 1.38834 2.93106 0.0221258 -0.38847 -0.0677869 -1.08272 -0.563744 
-388.816 -11.9028 6.79587 -7.93133 -4.53822 -5.54455 4.53461 2.68776 0.208168 0.187509 -3.8449 -4.36577 2.6838 -0.411221 -1.63802 -1.19491 1.08138 2.95273 -0.690442 -3.19037 0.318515 0.432301 0.657584 0.621444 0.0386949 -0.218726 
-228.182 50.0831 12.7653 -5.62662 -8.1653 -4.86685 -0.023769 -0.27323 -0.329885 -1.52773 -0.166296 1.06025 2.77848 2.21926 0.437413 -2.34141 -2.44818 -1.70965 -0.441171 -1.10765 -1.48956 -1.49207 -0.766667 -0.559005 -0.722574 -0.107993 
-180.489 96.2693 12.3776 -12.7133 4.58602 2.87761 2.98649 -2.18213 0.773525 -0.339048 -1.69708 -2.28292 0.367588 -0.0795174 -0.381697 3.71544 0.293864 -1.83695 -1.87976 2.49186 2.51433 -2.97693 -2.12286 -0.174599 -0.489192 -0.810516 
-168.33 92.9793 12.2266 -14.2842 -3.96998 -0.00905346 2.55877 -2.75447 -2.00363 -0.975235 -1.55061 -2.22025 -1.05275 0.864695 1.15419 -0.0313135 0.283145 -0.436974 0.62249 2.3876 1.72261 -2.99787 -2.56286 -0.867946 -0.706609 -1.60594 
-150.491 84.7102 16.5127 -7.18688 -2.24082 3.70777 2.81054 -2.60185 -3.03902 -3.94959 -3.07084 -2.50066 0.519408 1.85766 3.19044 0.992039 -0.137352 -1.10197 0.34278 1.35145 0.956405 -1.63191 -1.79004 -0.896982 -0.614783 -0.474499 
-143.569 79.6966 15.6402 -6.43216 -2.22903 4.53298 2.94663 -4.26246 -6.87153 -7.45149 -5.09224 -3.11862 0.542669 2.11417 2.50266 -0.295715 -2.35145 -3.11912 -1.38071 0.0320731 0.0250457 -1.49749 -0.915663 0.251601 0.311983 -0.0358372 
-124.024 68.1471 16.5069 -4.46436 -5.3133 0.606389 1.75425 -1.60868 -3.33971 -5.0913 -4.07216 -2.86612 -0.617384 0.431393 1.73573 -0.4093 -2.29263 -2.33434 -0.44346 -0.618263 -0.845341 -1.09149 -0.215188 -0.221459 0.410745 1.12431 
-116.595 110.042 -9.96832 -7.37108 6.27774 -6.00498 -0.28498 2.37035 0.852465 -0.049954 0.560189 -4.2623 -4.48793 -5.01131 -5.50178 -3.14768 -1.62454 -0.752758 1.67964 1.09082 1.28032 -1.41941 -1.41624 -2.09393 2.734 4.31943 
-86.7459 91.2137 0.402767 -10.5785 -1.01871 -4.2118 -1.5996 1.88104 -0.482286 -2.38929 -1.13869 -3.85399 -5.31806 -5.90859 -4.19162 -2.46534 -0.831351 0.134044 2.40937 2.82946 1.28267 -2.20556 -4.32544 -2.67754 2.99339 5.46632 
-97.6755 91.9881 -3.93147 -8.56477 2.57379 -4.83804 -4.10287 -1.04764 -3.4355 -3.61106 -2.21375 -5.99484 -5.88284 -4.54024 -2.81679 -2.92854 -1.48349 0.0535156 1.53972 1.96928 1.52983 -2.14507 -5.04008 -2.53068 3.58185 5.2422 
-87.2248 87.096 -0.798004 -8.15371 0.833227 -3.46268 -0.943057 1.05702 -1.15224 -0.0544163 0.283789 -5.19227 -6.1886 -5.41134 -4.50558 -3.53025 -0.698057 1.2753 3.16731 2.58413 2.10551 0.058779 -2.01261 -1.25997 4.08421 6.07074 
-90.9709 85.7601 -6.25956 -12.8131 -3.56555 -6.17529 -2.9822 -1.60375 -1.37539 3.20825 3.40583 -3.53368 -4.42193 -4.45856 -4.11427 -3.07701 -0.876322 0.547079 2.5113 1.40776 1.09525 -0.0100132 -3.09296 -2.80035 4.00301 6.37747 
-88.2453 79.731 -4.32454 -14.5099 -3.00922 -3.02902 -3.63264 -2.48217 2.36264 7.0382 3.80903 -3.35018 -2.71316 -3.47022 -3.37173 -0.128716 2.00954 0.219884 1.31177 2.64781 1.82565 -1.73855 -4.16432 -2.19197 4.20737 6.48326 
-76.6814 72.2778 -0.362741 -11.708 -2.45503 -2.24855 -5.09981 -3.28444 2.72233 5.75009 3.63384 -2.18004 -3.74578 -3.79548 -1.48834 0.917205 2.49828 2.1505 3.22228 2.71438 1.58336 -0.521521 -2.2875 -2.14973 3.00924 5.99287 
-104.967 98.5828 -12.8227 -7.68096 2.55526 -5.47401 -3.64299 -2.27425 -0.0145926 3.94292 1.57105 -4.12996 -2.87254 -6.10345 -4.53355 0.610014 3.34168 1.95901 4.46732 3.00916 2.03741 0.553542 -1.63466 -2.63568 2.80559 4.72592 
-80.198 74.6824 -1.83416 -10.9404 0.117487 -1.93114 -5.25092 -2.09052 2.87594 4.00347 2.00587 -3.02519 -4.63039 -5.44663 -2.85282 0.925915 2.82739 1.3741 3.00618 4.22458 2.46403 -1.62161 -3.17058 -1.55782 3.27197 5.30352 
-104.852 95.5197 -11.7663 -9.2668 4.69136 -6.3462 -4.21364 -0.73441 1.90405 5.31772 3.657 -3.63996 -4.33239 -5.08717 -3.14838 1.00039 2.43811 0.347853 2.54153 2.91052 2.15856 0.064516 -2.99461 -2.18523 3.66497 5.69704 
-44.188 77.1083 1.07466 -9.34351 -1.89868 -3.51839 -5.48903 -4.87447 -2.14917 -0.506026 -0.906488 -3.57281 -3.51821 -3.8938 -1.23343 1.90031 2.94149 1.08209 0.211685 0.0103473 1.89863 2.27675 1.89206 0.816719 -0.711356 -1.49515 
-46.2969 75.3806 -8.03008 -9.13999 -2.25545 -6.47589 -5.48875 -5.59953 -5.54769 -4.77849 -2.14039 0.0544009 -1.15964 -4.63505 1.60933 8.35583 8.93394 5.31012 1.79117 0.88299 3.49534 3.06795 2.2467 1.38598 -1.36967 -3.13494 
-51.7875 88.8489 -14.0381 -8.16516 0.641943 -4.97872 -6.27921 -12.0951 -7.45572 -3.27947 -5.98094 -2.9962 -1.52833 -7.80754 -1.95613 5.85267 5.81383 0.956992 -2.53295 -0.228087 1.8431 -1.52165 0.856013 2.60428 -1.97372 -4.29227 
-59.0935 99.593 -22.6289 -1.96377 -1.32389 -5.8039 -4.94603 -11.7429 -6.13136 -2.52691 -4.53985 -5.23427 -0.135463 -6.68935 -2.83695 7.63614 6.04656 3.17938 -0.47985 -1.28885 2.09573 0.285514 2.68051 2.56004 -4.43445 -5.78064 
-36.6006 80.9277 -8.13424 -9.39702 -0.930287 -5.22664 -4.58169 -7.60428 -7.55771 -4.57092 -5.44582 -5.05285 -2.2626 -5.45963 -1.99243 5.10045 5.14306 -0.448395 -2.74141 -1.46372 1.24288 0.432907 0.969933 1.08263 -2.57926 -4.33728 
-59.2739 102.471 -23.6996 2.40383 -0.946211 -9.59451 -2.92467 -10.089 -5.47632 -2.93934 -2.96204 -1.92363 -2.44811 -6.4752 -0.485993 4.90443 4.27021 1.17496 -3.4978 -2.80735 0.508193 0.680019 2.07112 0.389881 -3.24173 -4.10204 
-19.9606 76.2885 -11.2437 -5.94884 -2.51674 -9.85976 -6.64239 -7.77711 -7.34874 -5.1505 0.0289054 3.91237 0.656216 -3.45223 -2.01119 -1.02374 1.63516 0.202988 -1.10955 0.0693783 -0.247011 -1.36931 1.67023 2.72444 -0.388882 -2.86433 
-42.9135 94.6295 -28.1346 4.98382 -5.46319 -9.72267 -4.69817 -11.2416 -5.2835 -5.64988 -1.41439 5.17112 -1.70961 -2.91579 -0.0311585 0.442131 0.928846 -3.81797 -3.70645 -2.02673 -1.29257 1.47055 1.91258 1.07441 0.576922 -4.05745 
-36.1161 95.006 -27.7732 3.06236 -6.69718 -7.16334 -4.2261 -9.66336 -2.105 -5.11006 -0.828499 6.20594 -0.372039 -0.973827 -0.893201 -0.516807 -0.764379 -2.39445 -1.79634 -2.58731 -1.87133 0.817849 1.65979 2.33447 0.508776 -2.23487 
-26.9424 80.9216 -18.7097 -3.59902 -3.16181 -11.0169 -9.07313 -12.1318 -4.92696 -2.14147 0.81266 3.9786 -0.91781 -3.46614 -1.10128 0.432052 0.835453 -3.07832 -0.608966 -2.09282 -3.63424 3.29474 3.81662 1.45952 0.473181 -5.80101 
-30.9631 83.4735 -17.157 -2.75662 -1.96529 -10.4047 -8.74913 -11.5137 -3.15552 -0.0913907 2.75277 5.41301 -0.210531 -3.22122 -1.50112 1.3234 2.572 -3.14538 0.18079 0.189981 -1.59636 5.23525 3.18063 -0.561682 0.700399 -4.6939 
-17.007 72.4116 -11.8571 -8.72221 -3.68754 -9.9534 -10.3391 -11.4429 -6.88137 -2.93663 0.803364 3.72678 0.755923 -3.99376 -1.75489 -0.178535 -0.136998 0.0468214 1.8771 0.114192 -0.0110119 2.8921 4.32853 2.93875 -0.780136 -4.41554 
-25.7602 80.1747 -16.5594 -6.35675 -3.48831 -11.0385 -11.1674 -13.3888 -6.01915 -2.51875 0.744387 5.12098 1.45505 -2.67499 -0.664825 0.0412831 0.753174 -0.182677 0.987289 0.272906 0.919046 4.66356 5.27575 2.25145 -0.697091 -3.60469 
-28.1482 77.4964 -18.2525 -8.22789 -4.84679 -12.9959 -13.0451 -14.8808 -7.99533 -4.47411 0.0756496 5.64976 0.866774 -2.70124 0.646492 -0.348449 -0.0302709 -0.2747 0.81023 0.669455 0.763844 3.29858 4.15982 3.24486 1.62319 -2.42762 
-41.9114 90.0623 -26.1367 -3.74978 -6.48521 -14.349 -8.90062 -16.2099 -7.23721 -5.40505 -1.64171 7.91559 1.99986 -2.01396 0.894418 -1.14801 1.36294 1.08551 2.09124 1.67902 -0.528598 2.50116 6.34429 4.92494 1.96102 -2.28608 
-24.9035 70.9138 -15.432 -12.5645 -7.60715 -14.7964 -13.9189 -13.2099 -8.91982 -4.93754 0.720979 6.40528 3.57618 -1.78526 1.55561 2.06352 1.93691 2.92632 2.54868 2.22986 4.10199 3.84667 5.06865 4.91729 1.33035 -1.04055 
-35.7711 81.6228 -18.8551 -8.89786 -6.66453 -13.8728 -11.5718 -14.3035 -7.43713 -3.70697 0.196558 6.79805 1.73921 -3.79991 0.844092 0.841627 -0.091899 -0.264697 1.40631 2.18981 1.8875 2.53251 4.25378 2.66917 -0.852435 -2.85258 
-25.8061 72.0048 -11.5324 -11.4538 -7.35856 -13.3454 -11.7884 -11.1763 -7.85345 -4.62335 1.17172 6.8962 3.11094 -3.63847 -0.63922 0.731472 0.990827 2.15853 2.55679 1.49646 2.15356 2.61913 3.8382 2.94355 -0.846928 -3.26547 
-33.3093 77.3499 -12.9399 -9.78668 -6.25283 -13.7409 -11.5344 -11.9735 -8.05385 -3.15543 2.50966 7.2408 2.392 -3.96622 0.467772 2.38785 1.90935 1.89348 2.58527 2.61785 2.87688 2.57357 3.7106 2.91968 0.168082 -1.49789 
-34.6856 78.0458 -10.502 -8.57076 -4.70271 -13.1857 -11.4572 -11.3308 -8.64397 -3.75869 3.34859 7.16971 1.61679 -3.70336 0.865201 1.95129 1.40498 0.99343 0.338087 0.451487 2.5933 2.92939 4.17974 4.0547 -0.229116 -3.51766 
-48.4831 90.8732 -16.059 -5.459 -6.70066 -13.0217 -8.26364 -11.5662 -8.03393 -5.99336 0.601895 8.88644 2.62169 -3.23564 0.707548 0.899877 1.8453 0.295998 -1.38431 0.440771 1.66507 2.1207 4.36435 3.41887 0.460055 -1.17294 
-39.4734 81.1177 -9.35808 -7.2703 -6.65744 -12.8511 -9.6736 -11.0902 -8.92974 -5.79325 1.50974 7.62386 2.09687 -2.94943 0.84636 1.21863 2.0898 0.563339 -0.778661 1.47388 3.85002 2.93616 2.74183 3.8142 2.30179 -1.80788 
-39.9219 79.2858 -5.50429 -7.88728 -6.94642 -12.9051 -9.88913 -10.7646 -9.34326 -5.7373 1.30145 7.06896 2.87703 -4.19838 -1.86986 1.17111 2.98534 1.21346 -0.242234 1.48505 3.98168 3.59886 3.86349 3.06325 -0.0461258 -2.37671 
-30.6982 70.1379 0.110559 -8.54027 -8.66275 -11.7982 -9.40088 -8.94997 -8.6486 -6.0156 2.48211 7.70086 2.50889 -5.12743 -2.34357 1.86485 3.58112 1.45269 -0.429742 1.56383 5.34195 3.44801 1.64489 1.85019 0.503836 -1.34148 
-43.7337 80.0242 -4.0034 -7.57096 -7.16237 -12.7783 -9.37562 -9.47493 -8.77203 -6.37643 1.73481 7.43024 1.45337 -5.74468 -2.76758 1.09915 2.88841 -0.160104 -0.991899 1.94584 3.81267 2.18895 1.48875 1.23847 0.228282 -1.27069 
-37.2314 73.2314 -0.311915 -7.2554 -6.39683 -11.9939 -11.3035 -9.56395 -8.82521 -7.43137 1.87592 7.65026 1.86545 -4.97816 -2.32345 1.14022 2.6484 -0.0190852 -1.33398 0.251676 3.24406 3.71111 3.36313 2.53245 -0.240195 -3.18091 
-55.2872 89.7413 -11.282 -4.52883 -5.48146 -12.505 -8.88143 -11.2179 -8.70139 -6.80573 1.78457 8.14179 0.327896 -3.08158 0.417348 0.633965 2.32452 -2.21064 -2.30673 1.73676 1.52473 2.12342 3.10572 2.26269 1.31046 -2.08576 
-55.3354 89.1635 -11.6109 -5.42874 -5.3825 -12.7325 -8.16238 -10.0586 -8.65205 -4.97667 3.00419 7.00075 1.86352 -1.47382 -0.32482 0.0458358 2.30612 -0.285917 -1.21068 -0.187552 0.99629 2.05062 2.20915 3.03396 2.0862 -2.41973 
-38.4457 72.694 -0.612922 -10.5682 -5.71785 -8.32554 -11.6674 -12.303 -7.88619 -2.63144 3.5983 4.997 2.17713 -0.959759 -0.759937 -0.899333 1.33285 1.75674 0.53152 -0.505735 1.08083 2.45718 3.76071 2.75172 -0.782887 -3.00986 
-71.6823 103.195 -21.0999 -1.41125 -5.93674 -10.5358 -6.90556 -17.2671 -4.39108 -1.70584 2.50969 4.93675 -0.270267 -0.00452695 0.258091 -2.06972 2.39202 0.283321 1.38063 2.36011 1.18067 3.06737 2.30978 1.66516 0.885116 -4.76499 
-34.5864 71.0567 -1.4881 -11.893 -5.6742 -7.26012 -11.9331 -12.861 -6.58682 -1.49188 1.46068 2.15902 2.62811 0.174547 -1.99366 -1.63381 2.1633 2.14988 1.04659 0.879848 2.1602 2.78878 3.60962 2.47882 -1.37473 -4.00767 
-49.0834 82.1042 -7.01333 -10.5296 -3.5308 -7.378 -11.48 -14.4362 -7.19483 -0.536763 1.9972 2.96024 3.11462 1.25027 -0.191262 -1.81791 1.01737 2.66236 2.09697 1.22008 2.25029 2.18303 3.55002 4.38338 0.0940982 -4.39666 
-52.4033 83.3141 -9.05285 -9.80287 -2.91841 -7.63537 -12.6701 -16.3188 -7.55439 -0.680081 0.925033 2.51652 3.05397 1.33272 0.19873 -1.064 2.11506 2.78487 1.41956 0.524933 2.21685 3.87926 4.4266 3.73543 1.46857 -1.69948 
-59.9268 91.6093 -14.5299 -5.85822 -4.74409 -8.03263 -10.7313 -16.9718 -6.55175 -0.5447 0.196291 2.29305 0.736133 2.211 1.31031 -3.27173 2.44525 3.51997 0.258848 -0.257037 0.709162 3.41644 5.61424 5.19234 1.24058 -4.28901 
-44.5444 77.081 -5.0778 -9.70804 -2.81209 -7.08604 -13.1195 -15.2891 -6.20061 0.0368615 1.12127 1.23385 1.47859 0.866201 -0.0114491 -2.37544 0.809756 1.8787 -0.176158 -0.178426 1.86216 2.35391 4.11261 3.26711 -0.76678 -2.77633 
-43.9721 74.7339 -4.64598 -10.4105 -2.5841 -6.90747 -13.2693 -14.8269 -6.77189 -0.287762 1.74513 1.66838 1.52219 0.0991461 -0.931549 -2.8811 0.777497 3.02372 0.661292 0.036321 2.63345 2.51481 3.7909 2.90844 -1.88592 -3.70002 
-42.7327 73.5239 -3.67039 -11.3003 -4.14615 -6.0802 -12.1884 -14.9579 -6.54927 -0.395314 0.931814 1.41352 1.42232 -0.239756 -0.703036 -2.47601 0.4979 3.27623 2.38664 0.573115 1.08638 1.97746 4.45414 2.91121 -2.16205 -3.68397 
-64.2993 89.2882 -15.5538 -6.28219 -3.70012 -9.93942 -10.7415 -16.9942 -5.70447 0.753394 0.628236 2.83311 0.0432172 -0.14585 1.55419 -3.26891 1.07467 3.50324 -0.147186 -0.849833 1.72716 2.88753 3.01271 1.65557 -0.361178 -2.52776 
-55.5426 80.1387 -8.76465 -8.24798 -2.13099 -7.901 -11.9019 -15.722 -7.10804 0.881413 1.73048 2.40461 1.73175 -0.119117 0.779633 -2.06256 -0.110816 2.21253 -0.794581 -2.60888 -0.0797543 1.81954 5.04447 3.61831 -2.34685 -4.28307 
-52.0715 77.7969 -7.44981 -9.74313 -1.22055 -7.39236 -13.1951 -14.586 -7.36622 -1.87589 0.524757 1.73817 1.19782 -0.183903 0.304626 -2.49189 -0.79022 1.06123 -1.84234 -3.14563 0.300373 1.48113 3.7525 3.37136 -1.19199 -3.01829 
-81.7806 105.098 -26.1267 0.38032 -2.74191 -11.4134 -7.14849 -20.5266 -4.2378 -1.02574 -1.79089 3.72227 -0.738494 -1.1103 1.15023 -3.27454 0.229349 1.4039 -2.05802 -0.205443 0.31114 1.65029 5.19301 1.17685 0.459972 -3.74249 
-56.1921 79.1322 -8.6557 -8.73704 -1.15608 -9.06102 -13.5499 -14.6797 -7.13139 -1.61615 0.721335 2.37367 -0.406564 -2.56839 0.359758 -2.63505 -0.850608 3.23632 0.487333 -1.73361 0.721491 2.03385 5.35244 3.27654 -3.51896 -4.42971 
-54.493 76.595 -8.88967 -9.3011 -1.90154 -9.04774 -13.5593 -15.0442 -7.36868 -0.809793 0.622756 1.25706 -0.22647 -2.37838 -0.305531 -2.32782 0.0419109 3.36449 0.582327 -0.680879 2.22333 2.20644 3.53412 1.53 -2.46498 -1.81057 
-57.307 80.2575 -9.78821 -9.48619 -1.25176 -8.91796 -13.6431 -14.9479 -7.78146 -1.86977 0.394008 1.30306 -1.18554 -2.19559 0.706845 -2.91375 -0.873938 3.15057 0.422104 -0.401012 1.96794 1.59638 4.4503 3.37008 -2.46482 -3.3598 
-62.7974 81.8629 -11.4465 -8.09621 -0.423889 -10.421 -13.9262 -15.7068 -8.15061 -1.63572 -0.761099 1.30061 0.603442 -2.07318 0.11225 -2.28556 -0.0353404 2.80059 -1.41449 -2.20296 1.77104 2.6427 6.06106 3.74188 -3.27537 -3.37062 
-73.717 89.9365 -16.9213 -7.12859 1.07714 -11.3303 -12.4963 -15.3777 -8.37686 -0.75938 0.0450105 2.01019 0.887456 -1.10842 2.55892 -1.52167 -0.862367 2.66598 -1.62942 -1.83255 2.20948 1.16141 4.68617 4.18622 -1.76147 -1.42027 
-80.4359 93.8711 -20.5764 -6.98669 -1.11889 -12.5331 -11.8232 -15.6089 -8.93365 -0.578477 -0.104751 2.20247 1.46683 -1.57026 1.7374 -1.63478 -0.317031 3.93614 -0.00127371 -1.8381 1.36106 1.2209 5.69109 4.78939 -2.11612 -1.76115 
-55.9548 72.79 -6.37396 -10.6639 -1.57117 -9.26625 -15.1995 -13.0689 -6.92595 -1.94407 2.15567 2.19945 0.783086 -0.424305 0.0382395 -1.36087 1.43986 3.17759 0.441071 -1.15239 1.51754 3.08669 4.88941 2.45713 -2.46291 -2.9301 
-70.3172 84.521 -12.7947 -8.74185 0.259085 -10.3404 -13.2547 -13.2473 -7.14054 -1.12577 1.31953 2.30831 0.0773071 -2.29684 0.95834 -1.51696 -0.957121 1.81607 0.3525 0.289571 1.92346 0.665369 3.68098 2.35517 -3.54382 -3.41677 
-60.6485 77.3343 -7.31398 -10.6109 -0.457157 -8.63254 -13.3812 -11.2837 -6.43849 -2.65279 1.74801 3.14447 1.01443 -1.69194 -0.616698 -1.75533 0.526113 2.31697 -0.0592362 -1.12249 1.11046 1.58293 3.65084 1.89026 -2.9014 -3.17967 
-77.6851 91.2181 -14.4528 -6.98092 1.26612 -10.8488 -11.3719 -13.2473 -7.9382 -1.14011 1.41325 3.32491 0.348953 -2.1778 1.93546 -0.854612 -0.175841 2.65671 -0.620211 -0.675967 2.14364 1.27021 4.71045 3.45528 -2.39885 -2.1289 
-69.1651 81.8463 -7.00783 -8.06622 0.881342 -8.71267 -13.6276 -12.681 -8.38768 -3.05672 2.15729 2.24822 -0.48068 -1.17997 1.30548 -0.401903 0.645212 1.68817 -0.868104 -1.19274 1.52027 2.37724 5.28741 3.81331 -1.16339 -1.71039 
-90.919 101.219 -19.3181 -4.14373 2.0188 -12.4493 -8.78598 -13.036 -7.87399 -2.89813 0.103511 4.95961 0.910773 -2.16139 2.24364 -1.65095 1.08362 3.075 -1.57393 -0.949475 1.7056 1.7197 5.46488 3.89062 -1.54749 -1.85565 
-65.4806 78.7586 -4.17122 -8.99625 0.341256 -7.49971 -13.1537 -10.9152 -6.92668 -3.94208 2.4181 3.50535 -0.770662 -2.1678 1.20433 0.0818867 -0.00222707 0.215831 -0.0987688 0.610963 1.81468 1.57383 4.05222 2.88715 -1.98823 -2.9319 
-85.8331 94.3195 -12.6104 -5.55953 2.71074 -11.0172 -11.0904 -10.5875 -6.91318 -3.79467 1.38392 4.33388 -0.37093 -3.59527 0.384365 -0.260495 0.949677 2.13272 -0.235876 0.111303 3.22664 2.63732 4.04345 1.94338 -3.08114 -3.07219 
-66.9326 76.8219 -3.03335 -9.58831 -0.580355 -8.00255 -12.0146 -8.81655 -7.2894 -4.71685 3.17286 4.34275 0.299276 -2.04939 -0.151073 0.0227741 1.29178 1.8391 1.90286 1.12437 0.91115 1.35808 4.32133 2.68984 -2.37855 -3.33369 
-74.6188 79.7223 -6.17148 -9.14288 0.0605196 -9.25809 -12.6094 -9.04013 -6.9875 -4.08362 3.81405 5.4322 0.744516 -1.66686 1.65348 1.89463 1.70806 1.00769 0.290296 0.758679 2.50986 2.25321 3.03275 2.13722 -0.598696 -1.6097 
-86.8517 87.4298 -8.7709 -8.7056 2.36132 -9.59843 -12.3501 -9.53244 -7.66701 -4.63396 3.35842 5.59355 1.07158 -1.43767 1.97095 2.39988 2.39202 0.143995 -1.17079 -0.035732 1.66631 2.90032 5.29212 3.17699 -1.63002 -3.24033 
-72.7494 76.4183 -3.62452 -8.81594 0.0783299 -8.47276 -12.1619 -8.33987 -7.85704 -6.21132 2.85518 5.53936 1.72104 -0.962474 1.4872 2.27919 2.13816 0.603774 -0.618622 -0.474068 2.10238 2.84758 4.01658 3.52965 -0.429713 -2.79927 
-84.0014 84.9326 -6.87699 -8.48542 0.900202 -9.29475 -11.9882 -8.13216 -7.58212 -5.416 3.96052 5.43264 -0.0299682 -1.87215 1.32844 2.26427 2.79856 -0.207706 -0.373879 1.81879 2.25474 2.28138 3.64863 2.04101 -0.513613 -1.42584 
-75.6772 75.7064 -2.80809 -9.28116 -0.683186 -8.33231 -12.18 -8.46038 -7.19695 -5.10765 4.06852 6.02622 0.0941392 -3.57071 0.664975 3.19069 3.26697 1.55271 0.828203 0.794079 2.61317 3.32016 3.78181 1.88191 -1.7738 -3.13344 
-83.47 81.8951 -4.67474 -9.98333 0.30573 -8.08626 -12.4088 -8.25309 -6.85075 -6.07864 2.44712 5.48386 -0.00602147 -3.31963 0.794263 2.71082 2.82706 1.36708 1.66165 2.69682 2.74165 2.56837 4.4397 1.85185 -2.08337 -1.91065 
-101.521 99.0672 -14.7627 -6.7265 3.2973 -11.2479 -10.1929 -8.75115 -7.33181 -6.50943 1.59469 5.36628 -1.24612 -2.48694 1.62758 1.09405 2.39924 0.840793 0.095457 2.10622 2.35197 3.1662 3.51665 1.97048 -0.0548967 -2.79309 
-85.2136 82.8845 -5.28454 -9.02278 2.53223 -6.73664 -13.0334 -9.20262 -6.97031 -6.22846 2.29416 4.76066 -0.398744 -2.35599 1.06951 2.09149 2.4829 -0.268919 -1.12848 -0.289766 0.661999 2.86687 5.65724 2.68219 -1.89684 -2.74643 
-107.989 101.571 -18.1402 -5.5894 4.61467 -10.5976 -10.246 -10.8966 -7.29365 -4.13097 0.510553 4.8194 -0.480118 -2.50555 3.42916 0.938552 2.23067 0.348818 -0.630008 -0.0343612 0.704585 2.51757 4.41136 3.00376 0.0371618 -2.12442 
-95.7036 90.4889 -10.9967 -9.985 3.68978 -7.86458 -13.154 -9.98204 -6.13639 -5.18313 0.965481 3.81056 0.132523 -2.12461 1.09319 1.13971 2.016 1.50959 0.588396 0.209024 0.649503 1.99734 5.10405 2.51696 -1.39773 -1.19427 
-78.9865 75.0375 -4.7374 -10.6903 1.62207 -5.25035 -13.7004 -10.813 -5.55534 -3.48649 2.03075 3.38471 -0.443734 -2.37088 1.18614 1.62963 1.40673 1.42897 1.17401 -0.592967 0.543393 2.70294 4.30991 1.77503 -2.97873 -4.30701 
-95.5521 87.5572 -11.617 -11.0347 4.10247 -6.06363 -13.7538 -10.3951 -4.52895 -3.57997 0.885159 3.33787 -0.203321 -2.14591 1.32154 0.352672 0.866332 0.376142 -0.224197 0.276051 1.03453 1.74724 3.1483 -0.331061 -3.40211 -1.6867 
-77.6358 74.0832 -5.06692 -11.6097 1.87248 -4.22199 -13.5583 -10.8729 -5.44125 -4.26383 0.553757 2.85136 0.258342 -1.86735 0.936239 0.19682 -0.256979 1.06203 1.23244 -1.28507 -0.943272 1.39148 3.94968 1.95134 -2.40666 -3.51278 
-90.9904 82.8317 -9.18796 -11.2126 3.96351 -4.79687 -15.0041 -12.5634 -5.47673 -4.3278 -0.38336 2.25933 -0.236651 -1.8139 1.27392 0.724983 1.38429 1.32524 -0.159847 -1.73407 -0.682778 2.36859 5.80677 2.16726 -1.98308 -1.14536 
-109.897 97.2726 -19.4622 -8.99536 5.82464 -7.68735 -12.6147 -14.752 -5.31246 -4.3535 -1.24699 3.18396 -1.63239 -0.997391 3.97878 -0.215179 0.660322 2.22301 -0.711607 -0.902823 0.877912 2.20007 5.12008 3.01939 -1.10374 -1.489 
-103.837 90.814 -14.9458 -13.3458 4.86147 -5.70395 -14.5262 -13.2625 -5.87617 -4.4613 -1.75531 2.1191 0.587738 -1.66122 2.11975 -0.216846 0.0877624 2.79101 1.02594 -0.816183 0.15015 2.09624 6.26078 2.82692 -3.5455 -2.06066 
-92.4678 81.0034 -10.0172 -12.6083 3.96167 -4.59261 -15.7668 -13.3208 -5.42034 -3.79219 -1.59956 0.537343 -0.805467 -2.06277 1.1589 -0.00455076 0.775912 3.0476 1.45012 -0.733475 1.75111 3.66119 4.61917 1.41167 -2.96617 -2.68155 
-97.6062 84.684 -12.0493 -13.1931 4.23432 -4.03099 -15.0505 -13.9379 -5.75206 -3.17839 -1.16092 0.290508 -1.11119 -2.51628 1.66358 0.192978 0.233089 2.85901 2.53515 0.49802 0.687388 2.06181 5.42538 1.85553 -3.56621 -2.4031 
-99.2839 85.0305 -13.1841 -14.8153 4.57637 -4.23531 -14.9279 -13.2856 -5.65948 -3.96296 -1.23835 1.63206 0.47616 -1.41106 1.45418 -0.666312 0.371174 3.9322 1.67831 -1.97887 0.627763 2.52585 4.32791 2.10824 -2.33519 -1.86245 
-118.438 99.1289 -21.1772 -12.1504 7.34051 -6.85196 -13.0508 -15.4082 -5.03077 -2.56579 -1.8538 1.83375 -0.0624407 -0.849406 4.52442 0.0137356 0.703773 2.61566 0.319528 -0.801772 0.481149 1.56338 6.53922 2.81859 -2.49963 -0.759067 
-99.0701 83.018 -11.5851 -13.6733 5.07245 -2.59721 -14.8371 -13.9091 -5.7781 -3.67385 -1.47752 0.944461 0.614738 0.324934 2.61107 -0.0119778 0.147703 2.02568 0.488826 -2.23813 -0.648386 2.69627 6.02467 2.64195 -2.43431 -2.45034 
-88.9823 76.3588 -7.57393 -14.1574 3.77528 -0.783892 -13.7385 -13.4318 -4.99981 -2.7488 -0.871361 0.878309 1.2234 0.178371 0.92684 -0.69963 0.357528 2.08192 0.62958 -2.25719 -0.656289 2.3042 4.30674 1.21327 -2.50613 -2.04982 
-99.3549 83.032 -11.1047 -13.5414 5.17093 -2.16061 -13.7606 -13.0861 -4.6454 -1.13077 0.845583 0.760048 -1.30592 -0.660887 2.56054 -0.611549 0.0863033 3.11032 1.02351 -1.24054 0.0857993 0.907245 3.52276 1.83056 -3.00999 -2.89142 
-99.2719 82.9259 -10.3076 -13.8982 5.57748 -2.30478 -13.5605 -12.0541 -5.04252 -1.88314 0.16404 0.303167 0.74532 0.245801 0.294936 -0.882091 2.25381 4.54191 1.79999 -1.48575 -0.0306418 2.59519 4.94065 1.27254 -3.44363 -2.5968 
-113.173 96.1335 -16.5581 -13.2901 8.27703 -3.941 -11.4691 -13.0375 -5.95524 -2.63421 -0.347907 0.190168 0.757021 -0.23993 3.20564 -1.19106 0.150807 4.68815 1.38652 -1.13902 2.04995 2.12131 4.53798 3.14674 -2.34375 -2.44587 
-110.449 92.8178 -15.6467 -12.1548 7.72681 -2.20546 -12.0307 -13.7169 -5.91005 -2.26003 -0.945001 0.861833 0.72201 0.259966 3.05482 0.418664 0.544461 2.67642 0.590822 -1.26823 0.514263 2.44921 5.73449 2.73519 -2.07085 -1.16591 
-107.674 90.023 -12.1901 -12.6803 6.74351 -0.940964 -11.743 -12.6813 -5.59691 -2.54138 -0.477769 0.562317 1.04425 1.05702 1.96014 -1.33622 1.71212 4.2502 -0.437859 -3.15892 -0.000167788 2.59422 5.38434 3.14087 -1.92073 -1.86774 
-97.3872 81.2436 -7.2029 -14.0372 4.66234 0.610561 -12.0729 -13.4961 -5.98926 -1.56855 0.495823 -0.394281 0.162289 0.902997 1.70126 -0.370581 1.14053 3.22636 2.37119 -0.41189 0.312019 2.45536 4.49549 2.61232 -1.03135 -2.02242 
-99.7768 81.4004 -9.01609 -14.3084 4.40479 -0.167237 -11.9822 -12.7393 -5.40145 -1.17925 0.997988 0.189758 0.604258 1.15587 1.2709 -0.263857 3.07797 5.00666 1.85346 -0.752754 2.02537 3.60567 3.85068 1.49569 -1.69135 -2.27896 
-105.076 83.4553 -10.626 -14.9408 4.41306 -0.507269 -11.2829 -12.4417 -5.37603 -0.659879 1.94792 0.531443 1.42375 2.1185 1.49042 -0.303503 3.00577 4.29093 2.21159 -0.650645 0.840396 3.12186 4.72426 1.73175 -2.9269 -3.62943 
-105.435 84.0848 -10.4976 -14.4289 4.36995 -0.0809325 -11.1122 -12.256 -5.67266 -1.15888 1.66282 0.741265 1.27081 3.06087 2.61598 -0.724393 1.93785 3.45694 1.0636 -0.650579 1.46634 2.80261 3.51012 2.02856 -1.00287 -2.58767 
-121.417 96.1889 -14.7344 -15.335 7.01957 -2.18026 -9.4433 -12.2909 -6.60594 -1.69338 1.17717 0.397707 2.98473 2.72321 1.87335 -0.125467 3.46673 3.77104 0.448675 -2.06657 0.420667 3.26119 4.87222 2.45698 -0.216594 -2.14833 
-102.548 79.4864 -6.94383 -14.9042 3.00743 0.809596 -10.3081 -12.8959 -6.7302 -1.4297 1.94173 0.475971 1.09693 2.80264 2.80346 0.28987 2.79781 3.97415 0.81238 -1.86599 0.448812 2.69137 4.88853 4.15609 -0.0708075 -2.95445 
-111.451 85.5248 -9.83242 -15.6842 2.98866 -0.0321082 -9.95696 -12.5853 -6.32531 -0.882532 1.51883 0.597232 2.6754 2.77685 1.63242 0.31532 3.42538 3.77757 1.14667 -0.173629 2.04488 3.35584 3.61884 1.86117 -0.439324 -1.51122 
-102.231 78.7902 -5.37528 -15.0071 1.29032 1.01818 -8.77951 -11.9933 -7.14408 -2.05326 1.42926 0.324467 1.23358 2.03973 0.637279 -1.06143 2.80207 4.47975 1.97879 -0.366893 1.84319 3.25947 3.81176 2.38967 -1.94713 -4.5378 
-107.607 82.9673 -5.32061 -14.3651 1.92687 0.976375 -8.59286 -12.7336 -7.49302 -1.03342 1.44038 -1.00455 0.501619 0.498273 -0.138636 0.211333 2.96838 2.8691 1.30038 -0.00728159 2.26565 3.35329 3.11461 1.89867 -1.35507 -3.30991 
-115.369 87.6203 -6.3267 -15.6135 2.01649 0.422604 -8.37531 -12.1391 -7.42657 -2.33944 1.92646 0.206548 0.966305 1.18276 -0.202434 -0.696337 3.54643 2.7961 -0.120861 -1.08464 1.70341 2.63404 2.52158 2.18308 0.272735 -2.74566 
-131.698 98.6006 -11.8678 -15.562 3.36548 -3.36409 -5.14659 -11.4602 -9.89399 -2.83183 2.84829 -0.614813 2.1856 3.09272 -0.949429 -0.0532619 4.60429 1.55262 -0.206398 -0.554494 -0.317282 2.98486 3.13026 3.97185 2.72734 -5.90054 
-124.58 90.9295 -7.39613 -14.8646 1.37345 -1.9663 -6.66892 -11.2867 -9.70205 -3.4164 2.29229 0.184144 1.60346 1.67745 0.196398 0.855881 4.60036 1.04068 -2.13348 -0.617079 2.99985 3.23394 2.24198 3.16636 1.54075 -2.80685 
-136.516 99.0236 -10.5756 -16.3897 1.66934 -4.92833 -3.74369 -10.1243 -11.4911 -2.52975 3.27782 0.0163875 3.01745 1.26922 -1.85044 1.10017 5.36133 -0.790773 0.393674 -1.14144 1.81766 3.83066 0.877818 2.2051 2.66167 -6.52018 
-117.122 81.3963 -2.02814 -15.832 -4.16206 -1.4096 -4.57671 -9.13456 -9.56477 -3.84963 3.13273 2.94183 1.60194 -0.856794 -1.49924 0.640315 3.93492 1.13704 -1.43446 -0.434536 2.50956 0.836985 0.580898 2.00622 -0.454928 -4.08095 
-136.981 94.1012 -6.15671 -15.3457 -2.8603 -4.90687 -3.35168 -9.37197 -10.1379 -3.37459 3.40316 2.27132 1.8398 -2.72556 -2.27085 2.25829 5.83629 -0.185967 -2.04013 -0.570744 3.60341 2.27986 -1.08942 0.980428 1.20044 -3.42225 
-110.65 72.3158 3.20382 -14.8078 -8.90582 -2.96674 -3.53503 -9.20575 -11.0408 -6.25224 2.37478 4.44106 1.99451 -2.36163 -1.62831 2.52134 5.75958 1.7458 -1.96951 -0.487002 3.61661 3.14654 1.89352 1.6329 0.306313 -1.34043 
-127.433 84.6357 -3.199 -16.3013 -6.16835 -3.99505 -3.79821 -9.37599 -12.1878 -6.86062 2.11336 3.50089 2.11164 -1.14549 -0.499423 3.14543 5.2836 0.115022 -2.09098 0.0756564 4.50667 3.67366 1.37611 2.54123 2.41669 -1.45323 
-133.483 90.1612 -7.35945 -16.2777 -2.50107 -4.92039 -4.76065 -9.76751 -11.72 -5.61798 2.20202 2.29132 1.71175 -1.43288 0.531409 3.05355 3.85621 -0.642633 -1.58329 -0.823479 2.35022 3.09791 2.22733 3.27309 1.42155 -2.86453 
-129.229 88.3302 -6.58203 -17.2432 -3.11224 -3.9404 -6.11262 -10.6696 -10.4731 -5.3927 0.691896 1.62036 1.81328 -2.21387 -1.24307 1.65481 3.71611 1.67261 -0.325005 -1.01447 1.87306 2.87415 2.98877 3.48959 0.675224 -2.85673 
-130.488 89.9702 -7.81325 -18.8967 -1.4539 -3.65579 -6.85851 -10.6324 -10.1957 -4.24079 1.35045 0.183708 0.195725 -1.25965 -1.2688 1.52596 2.94995 1.76097 1.11953 0.571974 2.36846 2.99186 1.81985 1.68394 1.02787 -1.46791 
-125.955 84.9571 -8.41052 -17.9537 -2.52571 -2.76841 -6.99909 -11.2244 -9.29131 -2.98064 1.44344 0.885367 0.57972 -1.28134 0.156589 1.21996 2.39801 2.16025 1.87445 -0.453944 1.37102 3.1557 3.22512 1.8362 -1.34549 -3.57096 
-124.076 84.3342 -8.09001 -18.4289 -1.3077 -1.99998 -8.1303 -10.7176 -7.97221 -3.72525 0.942736 1.08693 1.6064 -0.153279 -0.235297 0.362434 2.34805 2.177 0.399741 -1.46414 1.32364 3.5346 3.56812 1.30408 -1.30126 -2.12513 
-132.429 93.689 -12.6912 -17.6947 1.72858 -2.66204 -6.98604 -11.2772 -8.74639 -2.61221 0.93025 -0.310234 1.76621 0.0262201 1.13452 1.00093 0.525571 0.963423 0.395706 -1.67658 0.310228 2.6385 2.31206 2.55547 1.13909 -1.99384 
-116.988 79.9861 -6.32475 -17.3971 -0.719465 0.551755 -8.23989 -11.8136 -7.14381 -2.49971 0.481418 1.01431 1.83981 0.474273 0.626581 0.725522 1.66157 1.68838 -0.378726 -3.61369 -1.54762 2.34183 4.47903 2.66947 -0.175801 -1.58276 
-132.864 92.1406 -12.9509 -18.4083 2.53604 -2.33119 -7.74176 -10.5291 -7.10912 -1.04524 1.15294 1.04143 2.63785 0.287411 2.21397 0.549829 1.08929 2.24041 0.760301 -3.84641 0.294582 2.98324 3.34524 1.4986 -0.0136033 -1.15754 
-120.846 83.1568 -8.59574 -19.021 -0.285316 0.453588 -8.1739 -10.9215 -6.01981 -1.52391 1.00481 1.14885 1.79146 0.745432 1.92339 1.11665 0.799119 1.92141 2.63016 -0.817792 0.0181095 2.79287 3.90417 1.48707 -1.2894 -1.74075 
-112.939 77.7553 -6.05768 -17.4294 0.0282616 0.724907 -8.88649 -10.6635 -4.87264 -2.41465 -0.460924 1.26271 1.72883 -0.137535 0.354145 0.421477 2.34452 3.82923 2.10957 -1.12798 0.97567 4.13552 4.58801 1.26545 -2.09235 -2.43624 
-129.877 91.2025 -11.2705 -18.4399 3.48952 -0.763684 -8.73489 -10.8213 -4.96331 -0.761458 0.20107 0.315974 1.62707 -1.18695 1.30593 2.14253 0.957402 1.9321 3.11423 -0.57479 0.16406 3.19742 4.05083 1.74256 -0.710981 -1.65699 
-125.492 87.6164 -9.78498 -17.942 1.60428 0.701547 -8.44657 -10.5105 -4.64792 -1.7934 -0.14701 1.55107 2.36699 0.235466 1.55668 0.764942 1.26397 3.03209 2.3395 -2.44315 -1.06271 3.21861 4.78329 2.24009 -0.178703 -1.07101 
-138.737 97.1309 -14.1571 -18.8166 5.53086 -2.26301 -7.26462 -11.566 -5.21495 -1.52991 -1.65466 1.34399 4.25191 -0.85373 2.61647 3.20453 1.17298 2.73618 2.66572 -2.04327 -0.858117 5.19315 6.66196 2.53538 -0.267828 0.122074 
-111.111 74.128 -5.96902 -17.2852 -0.278676 1.13992 -8.89394 -11.2159 -5.19798 -1.92775 0.515426 1.70804 1.9794 1.41756 3.90476 3.26717 1.83708 2.00253 2.66975 0.223567 0.916447 4.11876 6.09479 3.16314 -0.0543513 -0.926378 
-139.935 96.9625 -15.1226 -20.3392 5.97643 -3.38923 -7.02213 -9.00516 -4.33057 -0.295647 -1.35617 2.38518 6.0829 -1.47013 1.10781 4.03633 0.944802 2.54 3.81265 -2.02778 -1.22161 4.17066 5.70064 1.02454 -0.885956 -1.10996 
-142.506 97.6771 -14.7525 -20.8852 6.47895 -2.60953 -7.03972 -9.3647 -4.18672 0.887024 -0.599595 3.08202 3.05359 -2.70471 3.24618 3.17792 0.0890654 3.33213 4.20529 -1.14757 -0.496984 2.94274 4.34556 1.48447 -1.22616 -0.920693 
-130.244 87.9409 -11.4444 -18.6469 2.55864 -0.00317993 -8.4946 -9.07058 -3.35174 -0.581894 0.624769 2.27615 2.87229 -1.28503 1.91866 3.43833 1.52252 2.18543 4.04921 -0.820877 -0.735147 3.55757 5.09536 0.411544 -1.41136 -0.847508 
-125.721 83.7623 -9.15601 -19.2956 1.75502 0.577232 -9.05325 -8.655 -2.45435 -2.84115 -0.306447 3.87035 3.25701 -0.380501 2.27086 2.76327 1.77915 2.87809 3.04981 -1.75865 -0.358131 3.75639 5.92479 1.87139 -1.81831 -1.14945 
-124.666 81.7285 -8.99315 -18.4234 1.73831 1.00708 -8.69855 -9.21963 -2.95766 -1.72968 0.223206 3.19411 3.06183 -0.387799 3.56255 4.53573 1.03851 -0.0328669 2.18849 -0.789698 -1.23709 2.66085 5.67646 2.455 -0.63668 -0.864123 
-126.573 84.0954 -8.57236 -17.5628 2.60656 0.833939 -9.03308 -8.73576 -2.72589 -2.87983 -1.276 3.55574 3.24362 -1.4195 1.4835 4.06758 1.94059 0.769468 1.36052 -2.54472 -1.95685 3.48581 5.99722 2.1253 -0.65569 -0.319615 
-139.237 94.7698 -11.7255 -19.2022 5.91676 -2.10982 -7.38667 -8.46621 -4.43259 -2.46961 -0.996984 2.40549 2.60484 -2.76213 0.489114 5.19227 0.365442 0.340091 4.20595 -1.61105 -2.37206 3.91977 5.77296 2.44794 -0.175018 -1.37222 
-116.409 75.119 -5.55728 -16.6206 -0.186127 0.747351 -7.78087 -8.3035 -3.25783 -2.60812 0.133437 2.53512 0.963186 -2.1014 1.76704 3.51874 1.83304 1.0502 2.04864 -0.199596 0.0017463 3.08617 4.4261 1.23595 -1.12029 -0.650339 
-143.938 93.4056 -12.5524 -20.1491 4.90231 -3.25019 -6.74965 -7.51035 -3.48197 -1.78638 -1.89648 3.42635 3.97699 -3.59983 -0.469902 6.785 1.53157 0.032395 5.02193 -0.6981 -1.85649 5.00194 5.95908 0.500585 -2.73109 -1.81684 
-135.977 87.514 -9.80258 -18.7291 1.83645 -0.729686 -8.47592 -7.39027 -3.52767 -3.81213 -0.461787 3.83579 1.39846 -4.03965 1.75771 6.05353 1.68008 0.127947 3.22737 0.659099 -0.163897 3.60991 5.28507 1.95813 -0.988509 -1.58369 
-138.424 87.7065 -10.6141 -17.9002 1.51844 -2.33794 -7.84093 -6.8146 -4.16746 -4.25992 -0.422993 4.25708 2.72054 -4.11813 0.89058 6.62623 2.37203 -0.544408 2.04241 -1.16893 -1.06488 3.5915 4.82114 1.2937 0.705612 -0.417815 
-142.955 88.2453 -10.4962 -18.4599 1.84622 -3.33214 -6.86807 -5.65748 -4.91891 -4.49567 0.394613 5.61879 2.1381 -3.72836 1.87259 6.49061 1.37452 -1.07647 1.44646 -2.81612 -2.345 2.41027 5.58057 2.86297 -0.22678 -2.80764 
-140.546 84.2122 -9.19224 -18.4946 -0.484592 -2.73561 -7.59881 -5.85374 -4.88143 -4.72054 -0.318301 5.82206 2.69318 -4.16768 2.1187 7.54545 2.3393 -2.24895 0.737882 -0.983157 -0.131825 3.41275 4.53184 1.22894 0.0135298 -0.277419 
-132.015 76.2817 -6.30552 -18.4324 -3.67672 -2.89342 -6.96213 -5.85859 -5.04751 -6.40804 0.315707 6.08356 1.9821 -4.26436 2.16461 6.9724 3.16695 -0.307824 1.64051 0.698576 0.243981 2.79714 5.26892 2.78791 -0.942724 -2.03407 
-150.05 88.8615 -9.51266 -19.282 -0.295249 -5.41195 -6.70289 -4.9936 -4.50512 -6.31961 -0.309226 5.17484 2.6251 -7.47136 -1.10037 9.05472 3.41435 -1.80087 2.63308 -0.415035 -0.612737 4.13003 4.41308 0.909385 -0.931795 -1.65719 
-135.09 76.8293 -6.0731 -17.091 -3.70291 -3.75999 -5.93851 -5.10034 -4.87772 -5.54745 0.639284 4.83373 0.188935 -6.63326 0.431768 6.79361 2.98722 -1.60395 0.547137 0.123475 0.22509 2.00991 2.59838 1.07183 -0.666149 -1.61067 
-146.321 85.4451 -8.02441 -18.6808 -1.52264 -5.56981 -5.93455 -4.61191 -6.11052 -6.79295 -1.12787 4.47922 2.54996 -7.16135 -0.730234 7.2415 3.39938 -1.79377 1.86329 -1.2502 -0.433453 3.61669 4.8063 0.949331 -0.439753 -1.77762 
-153.312 90.8487 -11.1372 -18.4773 1.52629 -6.74374 -7.0692 -5.01905 -7.00739 -6.97387 0.277418 2.88484 1.00559 -6.50503 0.504052 8.90754 1.84012 -2.27474 0.724276 -0.438625 -0.27336 4.8481 4.66624 2.49928 0.526978 -2.62449 
-154.26 90.5713 -11.6894 -19.5733 2.15038 -6.02893 -7.35842 -5.97061 -5.0211 -6.10552 -0.39977 3.51172 2.3343 -5.77993 0.248251 8.80819 2.31563 -2.69542 0.915759 -1.73636 -0.46286 3.67498 4.98729 1.68761 0.450632 -1.57986 
-152.907 90.7435 -12.3247 -18.96 2.1954 -5.59331 -6.2388 -6.0942 -4.59918 -5.18589 -1.06307 3.60737 2.3401 -6.28041 0.382361 6.52774 1.78719 -1.38677 1.10649 -1.941 -2.52259 2.79251 4.92519 2.5182 0.244598 -2.83695 
-141.816 82.4175 -8.26123 -16.9354 0.577906 -2.71309 -7.88137 -6.61122 -3.65313 -3.66527 -0.26229 2.17784 -0.408194 -5.55448 0.941864 6.15636 2.33221 -1.2856 0.475961 -1.30508 -0.560063 2.90453 4.22905 1.79725 -0.925865 -1.8756 
-154.92 91.511 -13.283 -18.8999 4.10135 -5.57587 -5.65359 -6.23577 -3.51758 -2.32517 -1.07532 2.31664 1.90914 -4.75203 -0.513844 6.93627 1.74694 -0.707974 2.02738 -2.32818 -1.11729 3.94918 3.64512 1.32117 -2.75562 -2.93138 
-142.708 80.3427 -10.0872 -18.9803 0.678497 -1.78026 -7.5183 -5.66437 -1.6686 -2.87159 0.532182 3.27163 1.51632 -3.09188 1.54553 5.49468 2.41269 -0.0474083 1.78318 -1.18396 -1.33752 2.34121 4.41628 1.74574 -2.55149 -3.59201 
-153.214 88.0779 -12.3188 -19.068 4.32466 -3.91314 -8.16564 -6.80615 -1.35851 -0.817848 -0.261447 2.5011 2.02907 -3.76474 1.54346 7.01144 4.03782 -1.61382 2.17968 -2.61845 -0.606177 3.60511 4.60477 0.810425 -0.295151 -2.26665 
-148.34 85.0993 -10.1158 -18.1247 2.96601 -2.04429 -8.93763 -7.11836 -1.67646 -2.37493 -0.31782 2.71833 1.38786 -3.01297 2.2208 5.30954 3.29068 0.89916 1.59708 -2.26752 -1.79735 3.35195 6.47746 3.80263 -1.11524 -3.95799 
-149.552 86.3302 -10.5308 -18.5606 3.47909 -1.14097 -8.74897 -6.59543 -2.22743 -1.28453 -0.965638 1.82308 2.20826 -2.1437 2.44377 5.50946 2.97985 0.101462 1.44635 -2.45993 -0.346203 4.20314 5.6322 2.58394 -0.207146 -1.6619 
-146.527 82.0256 -9.33236 -18.5214 3.31449 -0.880477 -9.01248 -7.51742 -0.647929 -0.839435 0.567758 1.78794 0.885374 -1.39429 3.30868 6.15476 3.14548 0.811251 0.201176 -1.94004 -0.536193 4.44158 5.96738 2.8009 -1.58402 -2.70691 
-146.839 82.5195 -10.3834 -17.745 2.2566 -1.07451 -9.0927 -7.45248 -0.594801 -0.847723 -0.468943 1.25161 2.35459 -1.91917 2.20522 5.9273 4.43973 2.50571 3.04312 -0.795472 0.0914941 4.4477 7.5479 3.34309 -1.80319 -3.51555 
-146.979 83.3784 -9.57484 -18.3443 3.96972 -0.23227 -9.6663 -7.0192 0.37643 -0.778268 -0.644226 1.0745 0.563163 -2.2845 1.85298 5.34102 3.93005 2.49495 2.42732 -0.273964 1.27577 4.01524 4.62543 2.12608 -0.731932 -2.29151 
-160.275 92.2614 -12.4289 -19.2762 6.43833 -1.21863 -8.28562 -7.95062 1.60877 0.535696 0.391661 0.839231 1.24396 -3.81119 2.57114 5.70978 3.09901 1.50439 1.95008 -2.01917 -1.30391 3.11959 6.3432 1.76535 -2.28743 -4.23946 
-160.103 91.633 -11.3729 -19.9462 6.9363 -1.56988 -8.86829 -7.17214 1.00896 0.652296 -0.00272506 0.55422 2.57896 -2.58007 2.25314 4.87137 3.36842 1.45342 1.11873 -2.95582 -0.284525 4.67955 6.27545 1.29423 -1.84699 -3.48236 
-160.067 91.4763 -10.9471 -20.1291 6.59652 -0.957363 -9.46824 -8.08212 0.351998 1.50001 -0.684228 1.38144 1.22907 -0.753908 2.60966 6.06749 1.85174 0.502121 1.53895 -1.84424 -0.119614 3.90615 5.9826 2.70197 -1.51552 -2.53407 
-159.791 89.3071 -10.676 -19.8616 6.06623 -0.703737 -10.2472 -7.80292 1.35069 1.47308 0.432999 1.81718 1.84595 -0.683053 2.69687 5.16208 4.08533 1.49521 0.348742 -3.7588 -1.45324 3.88362 6.85545 3.40025 -1.49714 -3.93162 
-153.054 83.0164 -8.12016 -19.3335 4.26557 1.50964 -11.2187 -7.56204 2.31949 2.29561 1.21848 1.31697 1.87518 -0.888462 2.55339 5.11859 3.35376 0.634671 -0.561675 -3.49515 -1.6084 3.22583 5.63815 2.13872 -1.72818 -2.4255 
-149.57 81.6964 -6.92556 -18.4792 2.96473 1.81833 -9.59247 -8.31462 1.88366 1.87303 1.00708 0.149673 1.11892 -0.563125 2.06577 4.18734 2.00765 0.496234 0.800434 -2.22714 -1.35993 2.81376 5.37117 2.50998 -2.86684 -3.42218 
-161.988 89.7856 -7.52068 -22.2091 7.5043 -0.219674 -10.2153 -8.03763 2.44886 0.456702 0.737912 -0.589778 0.488251 -0.971584 1.40001 3.19943 3.64826 3.06499 -0.0646304 -2.48612 -0.202867 5.28819 5.66397 1.8265 -2.85749 -4.18434 
-152.023 80.5179 -6.90937 -19.1668 2.87851 1.85193 -11.0713 -9.06346 2.18544 2.78615 1.27484 -0.703985 -0.561759 -1.2079 3.14935 4.47513 3.75518 1.72456 0.581012 -0.788902 0.59624 3.43317 5.90518 2.23947 -1.92689 -3.84386 
-166.872 90.9668 -10.6847 -22.9717 7.71734 -1.18558 -10.6964 -8.7546 1.90239 2.20164 0.640994 0.467515 1.34107 -0.204092 1.86708 3.7554 4.05446 2.79028 1.0196 -1.83345 -0.632582 4.14722 5.848 2.78911 -1.70784 -3.81308 
-170.047 93.0901 -8.4154 -24.398 8.87506 -1.08528 -12.8102 -9.26189 1.6685 0.955075 0.901867 -0.151079 0.0693003 -0.0646314 1.75734 4.31657 4.14834 1.82799 0.622663 -2.74192 0.0856201 5.71349 7.00941 3.22854 -0.494541 -4.06689 
-149.865 77.1608 -5.5848 -17.5631 1.45923 0.962452 -11.4052 -10.936 0.194105 3.39759 1.24334 -1.53737 -0.85951 0.61581 3.666 4.53291 3.42095 0.756759 -0.850195 -2.41623 0.749638 4.74306 6.9668 3.8353 -1.26541 -3.30064 
-166.801 87.6231 -7.59047 -24.3083 5.17106 -0.733197 -11.1599 -9.82881 1.55952 2.42705 0.638723 0.128674 1.7805 1.36413 1.8345 2.68882 3.41239 2.52787 -0.957492 -3.6546 0.299269 4.89951 5.59327 3.48395 -2.16562 -3.02834 
-163.436 83.2912 -6.23268 -22.8906 2.34007 0.958409 -12.6593 -11.3276 2.20713 3.54647 1.22578 -0.908102 0.365974 0.0461652 2.49501 3.49221 3.21172 2.08719 0.084153 -1.83424 0.413252 4.00131 5.97207 3.8906 -2.49668 -3.212 
-157.246 79.2693 -6.47336 -19.5711 1.24838 0.208249 -11.7649 -11.1358 1.52016 4.42522 1.2593 -1.98467 -0.314237 -0.515223 1.17691 2.90579 4.53878 1.70563 -0.887221 -2.35311 0.638638 3.64038 5.13033 2.40806 -2.32348 -3.57966 
-148.012 72.8444 -4.65212 -19.0087 -1.31362 1.21195 -10.0812 -10.7254 0.923151 4.16993 0.631459 -1.59753 0.679407 0.136482 0.27387 1.28193 3.1547 1.41183 -1.07498 -2.93673 -0.117208 3.10651 4.75336 1.73372 -2.9308 -3.76983 
-153.568 74.1748 -4.58809 -18.9695 -1.41233 0.529059 -11.3503 -11.3936 0.963315 5.19909 1.65244 -1.97396 -0.201115 0.787706 1.65055 1.84529 1.87972 -0.246247 -1.94335 -3.16664 -0.272419 2.9143 4.94497 1.8784 -2.82997 -4.03431 
-173.861 88.4193 -6.10803 -24.6625 4.2053 -1.13136 -13.1265 -12.0679 1.29652 4.256 0.14066 -1.1719 0.218254 0.212953 1.03414 2.58887 3.77622 0.997097 -2.86668 -4.25456 -0.509916 4.71971 6.05531 2.52431 -1.96843 -2.8281 
-176.724 91.0822 -6.26596 -26.2672 5.20174 -0.852119 -13.861 -11.7974 0.169585 3.08098 0.738249 -2.09628 0.0758507 -0.0300475 1.51605 2.47809 1.99427 1.185 -2.14324 -2.41261 -0.214437 3.12772 6.78043 4.04147 -1.31237 -2.07588 
-175.9 89.2514 -5.28029 -25.4258 4.73253 -1.58956 -13.8734 -12.1753 2.62751 3.4232 0.477902 -1.32752 -0.710626 0.381167 1.20956 2.37803 2.72393 -0.589056 -1.84444 -2.96849 0.174528 3.35422 6.57107 1.57968 -1.13014 -2.68896 
-150.712 71.8027 -2.49881 -17.962 -2.15021 -0.439479 -11.0672 -11.2186 0.353402 4.15964 0.672058 -1.84263 -0.223145 -0.357006 0.248367 1.35951 2.59691 0.815267 -1.90677 -3.41775 -0.152494 4.18072 5.76399 2.02339 -2.79467 -3.51393 
-165.717 83.0273 -3.67784 -21.0188 -0.363107 0.719935 -11.3071 -11.6454 0.425647 3.79336 1.35266 -2.90033 -0.567207 -1.60335 1.1458 2.52702 1.34904 0.532895 0.37482 -1.09918 0.312576 4.41018 5.14103 1.89052 -2.04196 -2.53432 
-177.749 89.4203 -4.59704 -24.8954 4.19922 -1.57426 -13.1821 -10.2576 1.06004 4.00145 1.39347 -0.398894 0.381873 -1.88343 2.08748 2.21463 3.28458 -0.0439744 0.404913 -1.44169 -0.0721503 5.67008 5.16189 0.193053 -1.04801 -1.67981 
-166.854 80.1084 -4.19302 -20.3143 0.355007 -1.73305 -12.663 -10.6433 2.14611 4.34236 2.56624 1.12833 0.659822 -1.04539 2.65551 3.84164 3.23074 0.111078 -0.164021 -2.56165 -1.47566 4.81366 6.98525 2.79693 -2.58252 -2.52143 
-175.742 87.0925 -3.11462 -23.3036 3.15957 -1.11293 -13.4922 -10.3144 2.41065 3.24888 1.08344 1.7207 0.446046 -0.604814 3.2799 5.07225 1.89076 -2.16403 0.632252 -2.02005 -0.540724 4.90498 6.49354 2.61795 -1.47586 -0.225532 
-175.6 87.3715 -4.27078 -21.8185 3.39153 -2.21302 -13.0625 -8.45748 0.589582 2.34272 3.80528 0.907302 1.51586 -0.289172 2.85839 5.10649 1.74989 -0.765113 -0.687337 -3.12432 1.01401 5.48092 6.23998 1.05288 -0.65352 -1.24702 
-173.756 84.3361 -3.06156 -20.9113 1.53092 -1.92651 -12.4534 -9.25184 2.70762 2.9598 4.2277 2.72041 0.24614 -1.40522 4.24701 4.60644 1.46815 0.263166 -0.277847 -2.19575 -0.433282 4.64019 6.80888 1.75811 -1.95279 -2.06859 
-169.768 81.1356 -3.21479 -19.8754 0.326982 -2.56807 -11.2683 -8.30382 3.29775 4.12403 2.90339 3.17937 1.29547 -0.904889 3.08392 4.73321 1.41748 0.573056 0.902345 -0.57739 -0.174447 3.81386 4.78128 0.750757 -1.14696 -0.193823 
-165.844 80.5404 -2.66186 -18.6445 1.40127 -2.31706 -11.158 -8.49166 2.59733 2.65973 3.11361 3.12813 0.0762889 -1.94574 2.47237 4.47873 2.22229 0.305597 0.849366 -1.05292 1.14703 4.95357 4.95556 0.684009 -2.20339 -0.780203 
-177.326 89.4753 -2.27995 -20.5543 5.37343 -3.49542 -11.6083 -9.07896 3.054 2.4138 2.92088 3.01858 -1.01614 -3.30966 3.99067 5.00516 -0.0916266 -0.577505 -0.2642 -0.912285 0.896914 4.83838 6.33646 1.28058 -2.40674 -1.06715 
-178.07 89.1051 -1.29176 -21.4086 4.67028 -2.35467 -13.266 -7.3796 3.71898 2.281 1.54365 3.92462 0.690709 -1.8122 3.45322 4.72152 0.526469 -2.04745 0.430873 -2.38291 -0.768762 4.58152 5.9444 0.845557 -1.28695 1.01503 
-175.73 87.2438 -1.77486 -20.0715 4.14121 -2.1623 -12.8752 -8.91608 2.88222 1.97069 2.31506 4.36407 0.891577 -2.17503 3.2783 5.37839 1.18213 -1.51615 0.49482 -2.09757 -0.666173 5.48393 6.38778 1.65566 -0.665994 0.602771 
-178.035 89.4927 -2.56928 -19.4128 5.42837 -3.1354 -14.4252 -7.97075 2.18895 2.13676 3.81563 3.1407 -1.03527 -3.08922 5.24374 5.12965 0.306012 -1.46357 0.847968 -2.0099 1.98564 4.20126 5.37525 3.15415 -0.960065 0.210299 
-180.101 89.9699 -2.03204 -22.7804 6.00716 -3.39985 -13.5302 -7.56618 4.76947 2.26622 1.40977 4.15122 2.23712 -3.60778 3.54884 5.81109 -0.421499 -1.53278 2.14476 -1.03882 0.382097 3.77931 6.11093 0.332983 -1.72961 1.40668 
-167.335 80.1907 -2.0386 -17.2566 1.07204 -2.36995 -11.7769 -7.27008 3.71153 2.93054 3.30925 3.49606 0.781132 -1.71252 2.90518 4.03571 0.241332 -1.0036 1.52302 -0.630276 0.100383 3.59017 5.36433 0.0587367 -2.26197 -0.601456 
-180.185 88.6142 -3.09359 -19.9725 5.35162 -2.94294 -15.4549 -6.449 2.30837 4.92067 2.54685 4.07781 -0.950326 -2.80581 5.04364 4.78438 -0.555373 -1.65869 1.80813 0.592258 -0.384627 5.07884 4.63934 0.586706 -1.4645 -0.497919 
-167.169 79.114 -2.89399 -17.3 0.909505 -3.01785 -13.7596 -8.14218 3.00903 3.93079 2.73498 3.79785 1.68201 -0.756828 3.82397 4.74075 0.998711 -0.476681 1.47797 -0.708085 0.209985 3.87871 5.30681 1.06138 -0.262997 1.3777 
-172.692 81.2057 -3.71592 -19.4151 2.99398 -3.75851 -14.7216 -8.32313 4.14339 2.83035 3.03278 4.11408 2.5505 -0.249011 5.42354 5.0981 0.04532 -0.67774 1.51992 -0.679601 -0.867752 3.61696 6.90437 2.26618 -0.487791 0.242302 
-183.229 87.9909 -3.641 -22.0552 6.7055 -3.0288 -17.7135 -8.66442 4.89173 3.37871 2.37642 4.21358 1.13047 -0.914059 6.52528 5.20006 -0.857049 -2.32724 1.22966 -0.921957 -0.0448764 4.2738 6.45076 1.26876 -1.75157 1.0821 