-0.755626 -1.62892 0.631011 -2.81038 
1.21919 -2.76847 -1.25924 -2.08588 
3.32434 -1.83971 0.409646 0.573705 
4.10305 -1.69446 -0.512858 0.0570812 
2.2454 -4.60193 -3.9565 -0.838246 
5.30626 -3.47874 -1.75001 0.979003 
2.98001 -2.34682 1.34881 1.29197 
2.75202 -4.0786 -3.56468 -0.970308 
6.20149 -3.66268 -0.718938 -0.519776 
3.91539 -1.36671 -1.35351 -1.73788 
3.51642 -4.17377 -2.91487 -2.86445 
5.07569 -3.89715 0.445616 -0.149684 
4.75684 -0.477548 -0.298896 -1.36829 
3.51158 -4.4372 -1.3561 -0.632319 
3.45795 -3.12575 -2.38973 1.38034 
4.24722 -1.29291 -1.0779 -0.244418 
3.6687 -4.86472 -0.761719 0.0559259 
3.62263 -4.59083 -2.27015 1.42417 
3.05706 -2.16912 -0.367435 2.05269 
3.03667 -3.64721 -2.06468 0.218963 
3.86696 -3.95897 -1.3956 -2.0142 
3.22407 -1.89613 -0.622011 1.73692 
4.53424 -3.17143 -3.43968 -0.314792 
3.19202 -2.40466 -3.17621 0.571868 
2.01913 -0.54897 -1.17861 -0.286822 
4.73777 -1.03987 -4.07535 -0.999013 
2.09157 -2.39162 -2.52956 0.675168 
4.46819 -2.60273 -3.45099 0.517924 
3.56113 -2.43924 -2.82704 0.706684 
1.97102 -2.4174 -2.07221 -0.0306192 
3.29796 -2.31413 -0.577764 -0.864808 
1.5582 -1.07356 -1.16865 0.635055 
1.59141 -2.48725 -2.82413 0.914016 
2.37521 -2.87482 -1.36508 0.0181051 
2.82165 -1.45404 -1.72424 1.87056 
1.57992 -3.02355 -2.83221 0.122575 
2.18456 -2.61039 -1.04057 0.491917 
0.845113 -0.456095 -1.46183 0.0739616 
-1.01818 -3.05448 -1.08018 0.732381 
2.69437 -0.382115 -1.55804 1.00441 
1.06617 0.0215019 0.481393 1.75768 
0.57316 -3.19005 -2.4851 0.103973 
2.85592 0.415893 -2.19198 0.5595 
0.936177 -0.289872 -0.182252 1.59503 
2.89069 -1.6376 -3.02558 -1.19796 
2.07783 -0.371503 0.562615 0.935109 
1.21252 -1.74818 -0.161187 1.46249 
2.46517 -0.589037 -2.58817 -1.86935 
-0.747488 -0.563316 -1.87597 0.996689 
1.77932 -0.481993 -1.59907 -1.5787 
2.07157 -1.86367 -0.761546 1.50726 
2.16318 -0.932298 -0.0063258 0.484031 
1.30464 -0.102941 -0.248006 -0.479658 
1.68434 0.797059 0.985745 -0.437114 
2.43364 0.324102 -0.533113 0.351431 
1.10484 0.51185 -0.476276 1.35894 
1.81888 -0.468576 -1.71104 -0.613735 
1.90401 -0.428408 -1.36264 -0.291817 
2.33448 0.30223 -1.1579 0.873642 
1.96491 -1.02673 -0.852945 -1.88502 
3.40377 0.266724 -0.593905 -1.41066 
1.88475 0.451646 -0.315752 -1.68145 
1.29251 -1.35923 -2.72308 0.37239 
1.56556 -1.04877 0.489077 -0.38087 
-0.732668 -0.484717 -1.02826 -0.494982 
0.598382 -0.707796 -2.57954 -0.42305 
-0.177616 -0.706157 -0.333124 -0.94858 
0.242227 -0.950086 -1.43305 -1.17027 
0.816006 -0.823936 -1.90897 -1.56509 
2.9817 -1.68943 0.152212 1.02241 
3.48237 -2.20381 -1.57104 -0.292359 
0.922052 0.237892 -0.216753 0.0230482 
0.894707 -0.381802 -1.29269 -2.34935 
-0.261243 -0.288632 1.65464 0.126312 
-0.920514 -0.766848 -1.86587 -1.41239 
-0.112143 -0.850967 -1.9962 -0.63615 
1.43294 -0.983336 -0.0404231 -0.267991 
-0.124431 -1.8376 -1.25451 -0.861401 
-0.583355 -1.29965 -1.97146 -2.893 
2.40218 2.03412 1.31767 0.30057 
1.67302 -0.987795 -0.374704 -0.544805 
0.780798 -0.344442 -1.13197 -1.98532 
1.48167 0.0386648 0.610826 -0.686464 
-0.580517 -1.01763 -1.96859 0.0169779 
2.13256 -0.883409 -3.52921 -2.25054 
0.653789 -0.767284 -0.0222753 0.476122 
1.16584 -0.11535 -1.55434 0.229049 
2.68253 -2.39316 -3.26498 -0.937054 
1.402 -0.243754 -0.722662 0.481258 
1.10894 -0.501075 0.27018 0.419564 
0.424857 -1.25868 -0.738977 -0.82713 
1.02868 -1.06382 -2.39606 0.793152 
0.264391 -0.788493 1.19243 2.22712 
1.38632 -2.02878 0.395437 -0.45984 
0.0198334 -1.25885 -0.0656758 -1.66957 
1.45398 -1.28386 -3.10209 -0.457251 
2.94081 -0.629199 -3.273 -1.3395 
2.12435 -0.591584 -0.371498 1.25812 
-0.164118 -1.14553 -1.67873 -2.03021 
1.72953 -0.599585 -0.892716 -0.149016 
2.16788 -1.08815 0.765183 0.994207 
0.11626 -1.27954 -2.20179 -0.851608 
-0.918883 -0.962712 -0.68488 -0.518165 
3.70219 1.60978 -1.10451 -0.712035 
0.158998 -1.08664 -1.01409 -2.22255 
0.819002 -1.07409 -1.71451 -1.70982 
0.616161 0.551929 -1.99607 -0.619864 
1.51615 -0.476436 -1.48176 -0.220014 
1.47897 -0.583173 -0.113135 1.93806 
0.784219 0.438471 -1.81058 -0.187924 
2.16617 -0.266674 -2.42782 -1.74708 
-1.95969 -0.963742 1.06474 1.46423 
0.481517 -0.582277 0.951334 -0.099263 
2.47956 -1.17093 -2.16074 -0.378331 
-1.79406 -2.79296 -2.60808 -0.611998 
0.961681 1.07456 -0.317803 -0.812792 
-0.00697483 -1.50661 -0.328666 -1.5541 
0.194434 -2.2085 -1.7559 -2.07363 
2.95626 0.80361 0.310263 0.369185 
-1.87165 -0.261191 -1.35639 -3.26214 
-0.514029 -1.15417 -0.60783 -3.12242 
0.502463 -0.683539 0.839008 -0.236458 
2.32079 1.21958 -0.546391 -3.19395 
-0.158692 -2.16944 -2.14486 -0.727316 
2.40972 -0.658142 -1.94475 -0.692289 
-0.52842 -1.09378 -0.625977 0.845736 
-0.914236 -2.71932 0.382019 -0.212955 
2.64821 1.28834 2.37621 1.24572 
-1.02591 -1.58857 -0.941014 -2.05497 
-1.02123 1.32904 0.656121 0.502979 
-1.37269 -0.911944 -0.0733005 0.411809 
-1.1718 0.311291 0.261236 0.616985 
-0.35515 -1.05511 -0.069019 -1.55518 
-0.325683 0.649075 3.04827 0.290094 
0.116956 1.89507 -0.87785 -0.890207 
2.79387 1.38889 1.79758 1.78137 
0.992557 2.11676 -1.53024 0.89918 
-1.10311 -1.86049 0.892316 -0.247915 
-2.17297 0.708362 0.64891 -0.539615 
0.699826 1.60449 0.777715 4.185 
-1.3324 -0.762901 0.344361 1.88377 
-0.562066 2.22573 1.17942 0.242417 
1.68366 0.489154 1.19852 -0.798149 
0.487121 1.47218 0.151581 0.114258 
-1.44382 1.005 1.56276 1.03501 
-0.190689 -0.658876 -1.00681 -0.199185 
0.713519 -1.62942 -1.21681 -1.8538 
1.192 -2.3408 -1.29602 -0.88321 
2.15143 -1.88407 0.881961 -0.865197 
2.51407 1.28225 0.760363 0.438149 
0.981469 0.120399 -0.0252411 -1.40509 
-0.207951 1.12362 1.31252 -1.79625 
1.21891 -0.277851 2.22049 -0.517699 
0.901185 0.548662 1.80723 0.580258 
-1.45846 -1.54947 1.92138 0.558569 
-0.438251 -1.59201 -0.519243 -0.606425 
0.305482 -0.0205712 -0.51797 -0.866344 
-2.14499 -0.595231 -0.211802 -1.00367 
1.73157 -0.0871129 -0.0849091 -0.890091 
0.39695 2.89949 1.36311 -0.581436 
0.119794 -0.781058 1.57446 1.95726 
-0.0651281 0.912625 0.648456 2.31195 
-0.301612 -1.54471 -1.45244 0.376937 
1.13796 1.31031 -1.67877 -0.833027 
1.55523 -0.839009 -0.0856585 -3.03555 
-3.60527 -2.88404 0.818475 0.965745 
-0.120356 0.536164 -0.525731 -0.381645 
